1.0 5.0 4.208 65.0928 2.4704 28.2292
1.0 5.0 4.2012 65.1396 2.44 28.22
1.0 5.0 4.362 65.08080000000001 2.4088 28.1528
1.0 5.0 4.4316 65.0968 2.4448000000000003 28.028399999999998
1.0 5.0 4.2972 65.07159999999999 2.4455999999999998 28.1856
1.0 5.0 4.3776 65.1052 2.4408 28.0764
1.0 5.0 4.4608 65.0348 2.4648 28.039599999999997
1.0 5.0 4.2168 65.2792 2.4619999999999997 28.0428
1.0 5.0 4.4336 65.10719999999999 2.4448000000000003 28.0152
1.0 5.0 4.396 65.1212 2.4628 28.020400000000002
1.0 5.0 4.2996 65.0012 2.4276 28.271600000000003
1.0 5.0 4.408399999999999 65.1408 2.4416 28.010800000000003
1.0 5.0 4.3096000000000005 65.0584 2.4219999999999997 28.211199999999998
1.0 5.0 4.4024 65.202 2.4572 27.939199999999996
1.0 5.0 4.4328 65.1396 2.4344 27.994400000000002
1.0 5.0 4.332 65.1296 2.4663999999999997 28.0724
1.0 5.0 4.3431999999999995 65.0984 2.4336 28.1264
1.0 5.0 4.4036 64.9772 2.4652 28.154
1.0 5.0 4.5416 64.9332 2.4784 28.0468
1.0 5.0 4.3712 65.05199999999999 2.474 28.1028
1.0 5.0 4.3648 65.1196 2.4816000000000003 28.034799999999997
1.0 5.0 4.5064 64.8996 2.4384 28.156
1.0 5.0 4.2504 65.2472 2.4063999999999997 28.0964
1.0 5.0 4.2892 65.1308 2.4356 28.144799999999996
1.0 5.0 4.24 65.1084 2.4743999999999997 28.1776
1.0 5.0 4.3612 65.118 2.3996 28.1212
1.0 5.0 4.5436 64.97319999999999 2.412 28.072000000000003
1.0 5.0 4.6204 65.1092 2.4092 27.861200000000004
1.0 5.0 4.4016 65.1272 2.3916 28.082
1.0 5.0 4.301200000000001 65.328 2.434 27.9368
1.0 10.0 4.5972 65.0312 2.374 28.0004
1.0 10.0 4.1712 65.1268 2.4352 28.266799999999996
1.0 10.0 4.3328 65.10040000000001 2.3916 28.1752
1.0 10.0 4.4248 65.1076 2.4636 28.0044
1.0 10.0 4.3732 65.152 2.424 28.051199999999998
1.0 10.0 4.306 65.1884 2.4743999999999997 28.031200000000002
1.0 10.0 4.194 65.2188 2.4876 28.100399999999997
1.0 10.0 4.4752 64.93759999999999 2.4352 28.1528
1.0 10.0 4.2328 65.1008 2.4663999999999997 28.199999999999996
1.0 10.0 4.546 65.0544 2.426 27.974
1.0 10.0 4.5716 64.9816 2.3664 28.0812
1.0 10.0 4.4008 64.888 2.52 28.1916
1.0 10.0 4.3444 65.1572 2.3931999999999998 28.105599999999995
1.0 10.0 4.271599999999999 65.19080000000001 2.4324 28.105200000000004
1.0 10.0 4.2196 65.30160000000001 2.4552 28.023999999999997
1.0 10.0 4.398 65.25959999999999 2.382 27.960800000000003
1.0 10.0 4.485200000000001 65.0752 2.4572 27.982400000000002
1.0 10.0 4.354 65.1424 2.4736000000000002 28.0332
1.0 10.0 4.736 64.8528 2.3912 28.02
1.0 10.0 4.4832 65.048 2.3836 28.0856
1.0 10.0 4.3216 65.1036 2.4124 28.1644
1.0 10.0 4.3956 64.9324 2.452 28.22
1.0 10.0 4.38 64.9324 2.4564 28.232000000000003
1.0 10.0 4.3256000000000006 65.1028 2.4488 28.124
1.0 10.0 4.3812 65.0816 2.4596 28.077600000000004
1.0 10.0 4.3848 65.0728 2.4216 28.1216
1.0 10.0 4.2904 65.0856 2.4903999999999997 28.1344
1.0 10.0 4.4176 65.0764 2.4776 28.0296
1.0 10.0 4.3684 65.0976 2.46 28.073999999999998
1.0 10.0 4.238 65.194 2.4372000000000003 28.132
1.0 15.0 4.1903999999999995 65.0736 2.5404 28.1972
1.0 15.0 4.3808 65.0616 2.428 28.1296
1.0 15.0 4.4668 65.14 2.4364 27.9572
1.0 15.0 4.5047999999999995 65.22919999999999 2.3888 27.8788
1.0 15.0 4.362 65.1608 2.3916 28.0856
1.0 15.0 4.4479999999999995 64.952 2.4416 28.1588
1.0 15.0 4.4872000000000005 64.89160000000001 2.4648 28.156399999999998
1.0 15.0 4.3056 65.3488 2.3935999999999997 27.9532
1.0 15.0 4.2564 65.262 2.4856 27.996399999999998
1.0 15.0 4.3548 64.9724 2.4219999999999997 28.2516
1.0 15.0 4.3908000000000005 65.1328 2.4188 28.058
1.0 15.0 4.3768 65.1876 2.4708 27.965600000000002
1.0 15.0 4.3864 65.1832 2.4808 27.950799999999997
1.0 15.0 4.3288 65.1424 2.4464 28.082400000000003
1.0 15.0 4.2044 65.2628 2.4476 28.0856
1.0 15.0 4.1864 65.3176 2.404 28.0928
1.0 15.0 4.42 64.97800000000001 2.4219999999999997 28.1804
1.0 15.0 4.2956 64.95400000000001 2.464 28.2868
1.0 15.0 4.3832 65.0944 2.4743999999999997 28.0484
1.0 15.0 4.4408 65.01639999999999 2.4044 28.1384
1.0 15.0 4.3864 65.1656 2.4088 28.039199999999997
1.0 15.0 4.3152 65.24879999999999 2.4364 28.000000000000004
1.0 15.0 4.4404 65.0632 2.4868 28.009600000000002
1.0 15.0 4.2816 65.1956 2.444 28.078799999999998
1.0 15.0 4.312 65.1548 2.4539999999999997 28.0792
1.0 15.0 4.536 64.9164 2.474 28.0744
1.0 15.0 4.1108 65.1836 2.448 28.2576
1.0 15.0 4.4544 64.946 2.4476 28.154
1.0 15.0 4.326 65.078 2.4903999999999997 28.105599999999995
1.0 15.0 4.396 64.9984 2.4628 28.1432
1.0 20.0 4.3856 65.1648 2.4228 28.027600000000003
1.0 20.0 4.429600000000001 65.1444 2.4384 27.988000000000003
1.0 20.0 4.2496 65.22919999999999 2.496 28.0256
1.0 20.0 4.2652 65.066 2.4504 28.218799999999998
1.0 20.0 4.3572 65.0944 2.4648 28.0864
1.0 20.0 4.1492 65.2424 2.42 28.1884
1.0 20.0 4.2459999999999996 65.24879999999999 2.4836 28.022399999999998
